gene_id	Ex	In	Pro	CP	GZ	dgDPAU_bulk	Type	dgDPAU_sc
1	ACOT9	0.161290322580645	NA	0	0.485029321346457	0.283522016156559	0.201507305189898	lengthen	0.161290322580645
2	AK5	0.4375	NA	0.269230769230769	0.86241689688582	0.678922136631741	0.183494760254079	lengthen	0.168269230769231
3	ANKRD28	0.313725490196078	0	0.0555555555555556	0.402331804281346	0.202348190738284	0.199983613543062	lengthen	0.258169934640522
4	ANKS1B	0.471571906354515	0.628205128205128	0.767206477732794	0.79574285363759	0.383101851851852	0.412641001785739	lengthen	-0.295634571378279
5	AP1S2	0.737062937062937	0.674486803519062	0.518981018981019	0.712144148202288	0.47719265711344	0.234951491088848	lengthen	0.218081918081918
6	ARL15	0.73	1	0.5	0.814692778191754	0.593687488634297	0.221005289557456	lengthen	0.23
7	ARL3	0.357288481141692	0.347619047619048	0.343322818086225	0.858331747715697	0.693543859133243	0.164787888582453	lengthen	0.013965663055467
8	ARPC5L	0.398148148148148	0.125	0.313953488372093	0.742929912498853	0.625221908939014	0.117708003559839	lengthen	0.0841946597760549
9	ARPP19	0.428571428571429	0.333333333333333	0.533333333333333	0.462865167939629	0.567996749021492	-0.105131581081863	shorten	-0.104761904761904
10	ASCC3	0.227272727272727	0	0.0526315789473684	0.768178621659634	0.929875283446712	-0.161696661787078	shorten	0.174641148325359
11	ASPH	0.465336134453781	0.222222222222222	0.612459546925566	0.380256445038864	0.496659910064723	-0.116403465025859	shorten	-0.147123412471785
12	ATAT1	0.77810650887574	0.732142857142857	0.892857142857143	0.553728114264735	0.713962599279672	-0.160234485014937	shorten	-0.114750633981403
13	ATP2A2	0.561224489795918	0	0.368421052631579	0.803884625809619	0.422671782912747	0.381212842896872	lengthen	0.192803437164339
14	ATP2B4	0.2375	0.25	0.580357142857143	0.420260328239955	0.748869910282954	-0.328609582042999	shorten	-0.342857142857143
15	ATP2C1	0.58984375	0.62037037037037	0.57312925170068	0.579558257538572	0.470099111266087	0.109459146272484	lengthen	0.01671449829932
16	BAIAP2	0.472222222222222	1	0.948717948717949	0.742375128250251	0.930911535313162	-0.188536407062911	shorten	-0.476495726495727
17	BCAR3	0	NA	0.28	0.827465212576436	0.983366336633663	-0.155901124057227	shorten	-0.28
18	BMERB1	0.639370078740157	0.558974358974359	0.759649122807018	0.127160385162982	0.291100220918747	-0.163939835755766	shorten	-0.120279044066861
19	BRWD1	0.464462809917355	0.552706552706553	0.537878787878788	0.254038503463175	0.36895392465463	-0.114915421191454	shorten	-0.073415977961433
20	C1orf21	0.458333333333333	0.552941176470588	0.452830188679245	0.254704084658148	0.584278994966018	-0.32957491030787	shorten	0.00550314465408797
21	CACNA2D1	0.533827618164968	NA	0.370967741935484	0.772912317117813	0.615360433604336	0.157551883513477	lengthen	0.162859876229484
22	CALM1	0.645384013097018	0.628571428571429	0.704954454565652	0.574558162514738	0.409846205162763	0.164711957351975	lengthen	-0.059570441468634
23	CAMSAP1	0.461538461538462	NA	0.5	0.70493033665392	0.598686877787288	0.106243458866632	lengthen	-0.038461538461538
24	CCT6A	0.605990783410138	0.714285714285714	0.588260681916271	0.681358131979866	0.555322593375327	0.12603553860454	lengthen	0.017730101493867
25	CD47	0.504081632653061	0.75	0.574311926605505	0.698730147189808	0.571015561547349	0.127714585642459	lengthen	-0.070230293952444
26	CDC42	0.386928799149841	0.605194805194805	0.704375	0.443588397776237	0.788149065885454	-0.344560668109217	shorten	-0.317446200850159
27	CDH2	0.470394736842105	0.694852941176471	0.297669491525424	0.857418898019267	0.726327855689862	0.131091042329405	lengthen	0.172725245316681
28	CDK16	0.426395939086294	NA	0.517647058823529	0.826735871844858	0.709368522692725	0.117367349152132	lengthen	-0.091251119737235
29	CELF4	0.252336448598131	0.243589743589744	0	0.828644382461256	0.621721721721722	0.206922660739534	lengthen	0.252336448598131
30	CENPF	0.35859375	0.6	0.298165137614679	0.597220622803662	0.49600274214778	0.101217880655882	lengthen	0.060428612385321
31	CHD3	0.334353741496599	0.348958333333333	0.282	0.785519564038716	0.659919769653706	0.125599794385009	lengthen	0.052353741496599
32	CLASP1	0.583838383838384	0.537037037037037	0.612052730696799	0.682393808902953	0.552119266356306	0.130274542546646	lengthen	-0.028214346858415
33	CNKSR2	0.9	1	0.666666666666667	0.752659220383617	0.497975996606134	0.254683223777484	lengthen	0.233333333333333
34	CNOT7	0.732558139534884	0.64	0.894736842105263	0.726729085077011	0.874283245993772	-0.147554160916762	shorten	-0.162178702570379
35	CNTN1	0.471264367816092	NA	0.25	0.863134783314908	0.745527298932317	0.117607484382591	lengthen	0.221264367816092
36	CRTC1	0.0333333333333333	0	0.0476190476190476	0.668919926833374	0.548324630664358	0.120595296169015	lengthen	-0.0142857142857143
37	CSNK1G3	0.39021164021164	0.647058823529412	0.458024691358025	0.826783176837702	0.702861813683765	0.123921363153937	lengthen	-0.067813051146385
38	CXCL12	0.530769230769231	NA	0.583941605839416	0.330662393162393	0.204889034466833	0.12577335869556	lengthen	-0.053172375070185
39	CYB5B	0.545918367346939	0.479166666666667	0.45	0.320087733910822	0.167174397274633	0.152913336636189	lengthen	0.095918367346939
40	DCAF16	0.632727272727273	NA	0.7	0.40910009784182	0.208896764181317	0.200203333660503	lengthen	-0.0672727272727269
41	DLG2	0.59047619047619	0.5	0.5	0.61028683784409	0.384769955654102	0.225516882189988	lengthen	0.09047619047619
42	DPY19L4	1	0	0.457142857142857	0.633292383292383	0.300865894958227	0.332426488334157	lengthen	0.542857142857143
43	DZANK1	0.461538461538462	0	0	0.768145583874061	0.890631246825937	-0.122485662951876	shorten	0.461538461538462
44	EIF3K	0.988439306358382	0.925	0.91588785046729	0.703817966903073	0.931264740884994	-0.227446773981921	shorten	0.0725514558910919
45	ELAVL1	0.735576923076923	NA	0.503787878787879	0.414226671016851	0.25128137435256	0.162945296664291	lengthen	0.231789044289044
46	EPHA7	0.509090909090909	0.340909090909091	0.556363636363636	0.438572456949504	0.587420893328455	-0.148848436378951	shorten	-0.0472727272727269
47	ETAA1	0.666666666666667	0.333333333333333	0.297297297297297	0.699240232491464	0.563394599450033	0.135845633041431	lengthen	0.36936936936937
48	ETF1	0.553264604810996	0.666666666666667	0.636363636363636	0.763786448736919	0.632707157290988	0.13107929144593	lengthen	-0.08309903155264
49	EXD3	0.333333333333333	0	0.6	0.937508144029883	0.69420648518307	0.243301658846813	lengthen	-0.266666666666667
50	EXOSC7	0.347826086956522	0.4	0.120689655172414	0.694063135990487	0.505383055078795	0.188680080911692	lengthen	0.227136431784108
51	FAM199X	0.193798449612403	0.148148148148148	0.176767676767677	0.175617175617176	0.0669822675432922	0.108634908073883	lengthen	0.017030772844726
52	FCHSD2	0.514285714285714	0.5	0.227272727272727	0.919260484418479	0.787400361851876	0.131860122566603	lengthen	0.287012987012987
53	G2E3	0.432432432432432	0.363636363636364	0.51875	0.530815830891132	0.394813777362797	0.136002053528335	lengthen	-0.086317567567568
54	GNAO1	0.516034985422741	0.411654135338346	0.415778251599147	0.680724505327245	0.238665282548085	0.44205922277916	lengthen	0.100256733823594
55	GNG4	0.624203821656051	0.4	0.653012048192771	0.760719108180248	0.591018025022838	0.16970108315741	lengthen	-0.02880822653672
56	GPATCH2L	0.39010989010989	0.464285714285714	0.467532467532468	0.592220748600059	0.433145456656428	0.15907529194363	lengthen	-0.077422577422578
57	GPRC5B	0.135714285714286	0.3	0.277777777777778	0.369950012414762	0.261454707499553	0.10849530491521	lengthen	-0.142063492063492
58	HAT1	0.494186046511628	NA	0.483333333333333	0.345294285526114	0.176648423674379	0.168645861851735	lengthen	0.010852713178295
59	HNRNPC	0.386310566258027	0.362962962962963	0.39703425229741	0.557899033162891	0.432509229103656	0.125389804059235	lengthen	-0.010723686039383
60	HSPA4	0.483091787439614	0.385057471264368	0.4609375	0.527222671897448	0.30987095692978	0.217351714967667	lengthen	0.022154287439614
61	IDH2	0.554824561403509	0.542553191489362	0.545819935691318	0.422523854892775	0.304101241700832	0.118422613191943	lengthen	0.00900462571219096
62	ING3	0.827586206896552	0.833333333333333	0.84	0.396825396825397	0.0344827586206897	0.362342638204707	lengthen	-0.0124137931034479
63	IPO5	0.419463087248322	0.283333333333333	0.479878048780488	0.423242154757133	0.319359447627478	0.103882707129656	lengthen	-0.060414961532166
64	JPX	0.489247311827957	0.5	0.475490196078431	0.57452512254902	0.412199253287928	0.162325869261092	lengthen	0.013757115749526
65	KCNQ2	0.0607142857142857	0.0476190476190476	0.00404858299595142	0.808011849261849	0.43949872966857	0.368513119593279	lengthen	0.0566657027183343
66	KIAA0319	0.647058823529412	NA	NA	0.506435057344612	0.255065359477124	0.251369697867488	lengthen	NA
67	KIF21B	0.543859649122807	1	NA	0.675988364899286	0.888878551777443	-0.212890186878157	shorten	NA
68	LAMP2	0.44	0.666666666666667	0.313725490196078	0.813253234925291	0.457372050073759	0.355881184851532	lengthen	0.126274509803922
69	LAS1L	0.729559748427673	0.743589743589744	0.733333333333333	0.795819693977205	0.906137451468858	-0.110317757491654	shorten	-0.00377358490565993
70	LINC01128	0.605769230769231	0.5	0.479166666666667	0.826441718584306	0.673487636991287	0.15295408159302	lengthen	0.126602564102564
71	LPAR1	NA	NA	0.65	0.81637415580505	0.713004683083534	0.103369472721516	lengthen	NA
72	LPL	0.781333333333333	NA	0.372549019607843	0.946222638667127	0.833520829300438	0.112701809366689	lengthen	0.40878431372549
73	MAP4	0.33256351039261	0.5	0.375114784205693	0.401847221987754	0.754921217604909	-0.353073995617155	shorten	-0.042551273813083
74	MAPRE2	0.681222707423581	0.791666666666667	0.662650602409639	0.756476357382106	0.653027988191729	0.103448369190377	lengthen	0.018572105013942
75	MAPT	0.635998539612997	0.679775280898876	0.588541666666667	0.772757155935477	0.408484401653801	0.364272754281676	lengthen	0.0474568729463301
76	MASP1	0.504201680672269	NA	0.448717948717949	0.522263583151177	0.865361495309024	-0.343097912157847	shorten	0.05548373195432
77	MRPL35	0.460144927536232	0.5	0.576502732240437	0.510885224582686	0.358068643052679	0.152816581530007	lengthen	-0.116357804704205
78	MRTFB	0.267857142857143	NA	0.881578947368421	0.50344067146695	0.659602625588142	-0.156161954121191	shorten	-0.613721804511278
79	MYT1L	0.505801104972376	0.408333333333333	0.653846153846154	0.783089214865222	0.633068904545546	0.150020310319676	lengthen	-0.148045048873778
80	NAA30	0.668367346938776	0.75	0.75	0.752862555033247	0.640735897496623	0.112126657536624	lengthen	-0.081632653061224
81	NEDD9	0.532051282051282	NA	0.433823529411765	0.860533806431829	0.732116834372707	0.128416972059123	lengthen	0.0982277526395171
82	NMRK1	0.725490196078431	NA	1	0.71455845380264	0.444669913419913	0.269888540382726	lengthen	-0.274509803921569
83	OBSL1	0.216981132075472	0.45	0.229166666666667	0.407776901782764	0.300524715817429	0.107252185965335	lengthen	-0.012185534591195
84	OPA1	0.451345755693582	0.418367346938775	0.42155612244898	0.598243318256642	0.479686818271438	0.118556499985205	lengthen	0.029789633244602
85	PALM2AKAP2	0.554022988505747	0.6	0.630769230769231	0.535987784087938	0.656694072066743	-0.120706287978805	shorten	-0.0767462422634839
86	PDE4DIP	0.38941504178273	0.429508196721311	0.433566433566434	0.772279530981781	0.492879319127636	0.279400211854145	lengthen	-0.044151391783704
87	PIK3C2A	0	0	1	0.534511784511784	0.735042735042735	-0.200530950530951	shorten	-1
88	PKNOX1	0.583333333333333	NA	0.53125	0.857571486839077	0.70110188339364	0.156469603445437	lengthen	0.052083333333333
89	PLXNA4	0.688271604938272	NA	0.69047619047619	0.577886771887904	0.378703703703704	0.1991830681842	lengthen	-0.00220458553791802
90	PML	0.638888888888889	1	0.291666666666667	0.735626645224621	0.591464766493358	0.144161878731263	lengthen	0.347222222222222
91	PNKD	0.00571428571428571	0	0.0233918128654971	0.885930438090124	0.572883909853249	0.313046528236875	lengthen	-0.0176775271512114
92	POLR2M	0.587962962962963	0.37037037037037	0.542553191489362	0.488388958403645	0.614909339149045	-0.1265203807454	shorten	0.045409771473601
93	PPP6R3	0.75	NA	0.823529411764706	0.655690693785932	0.535821541490021	0.119869152295911	lengthen	-0.073529411764706
94	PRDM2	0.457169459962756	0.55	0.330601092896175	0.93244824804845	0.761360462014947	0.171087786033503	lengthen	0.126568367066581
95	PSMD12	0.264492753623188	0.0636363636363636	0.242735042735043	0.722781805464627	0.617153243004003	0.105628562460623	lengthen	0.021757710888145
96	PSMD8	0.331269349845201	0.506329113924051	0.209964412811388	0.574344299960264	0.435838800374883	0.138505499585381	lengthen	0.121304937033813
97	PSMD9	0.102150537634409	0	0.0482758620689655	0.421744351213226	0.173362611506941	0.248381739706285	lengthen	0.0538746755654435
98	PTPN2	0.419291338582677	0.5625	0.660714285714286	0.58915712626514	0.726125771848304	-0.136968645583164	shorten	-0.241422947131609
99	QKI	NA	NA	0.766666666666667	0.941491841491842	0.799412772413648	0.142079069078193	lengthen	NA
100	RAB6B	0.497835497835498	0.666666666666667	0.262626262626263	0.618783987781519	0.44937529861438	0.169408689167139	lengthen	0.235209235209235
101	RAE1	0.658097686375321	0.618421052631579	0.47008547008547	0.652929173107053	0.340793774832979	0.312135398274074	lengthen	0.188012216289851
102	RASA4	0.479591836734694	0.5	0.53125	0.22401952709261	0.105527351762388	0.118492175330221	lengthen	-0.051658163265306
103	RGS6	0.642857142857143	NA	0	0.5646032405484	0.416919959473151	0.14768328107525	lengthen	0.642857142857143
104	RPS6KB1	0.275	0.466666666666667	0.327272727272727	0.522447323917912	0.283053766761128	0.239393557156784	lengthen	-0.052272727272727
105	SEPTIN8	0.894736842105263	1	0.2	0.752388032801658	0.548464119151608	0.20392391365005	lengthen	0.694736842105263
106	SH3GLB1	0.517874396135266	0.444444444444444	0.551587301587302	0.548342543273419	0.344049452564304	0.204293090709115	lengthen	-0.033712905452036
107	SLC1A6	0.69047619047619	NA	0	0.622043939416002	0.251844823951086	0.370199115464916	lengthen	0.69047619047619
108	SLC35A3	0.5	NA	0.576923076923077	0.499803921568627	0.17039442039442	0.329409501174207	lengthen	-0.076923076923077
109	SLC35E2B	0.54746835443038	0.694444444444444	0.5625	0.940617436649183	0.826863555043004	0.113753881606179	lengthen	-0.01503164556962
110	SLF1	0.572254335260116	0.345454545454545	0.466942148760331	0.373051188934843	0.243386243386243	0.1296649455486	lengthen	0.105312186499785
111	SLIT1	0.232142857142857	NA	NA	0.904010052447552	0.611729117876659	0.292280934570894	lengthen	NA
112	SNX13	0.535087719298246	0.5	0.544117647058823	0.430203477078477	0.224588278666425	0.205615198412053	lengthen	-0.00902992776057709
113	SORD	0.516666666666667	NA	0.6	0.230548794725365	0.0846255423504999	0.145923252374865	lengthen	-0.0833333333333329
114	SPIRE1	0.407407407407407	0	0.379379379379379	0.799850518773372	0.644748784113193	0.155101734660179	lengthen	0.028028028028028
115	SSX2IP	0.388984509466437	0.714285714285714	0.465045592705167	0.665185349637476	0.53540161296869	0.129783736668785	lengthen	-0.07606108323873
116	SYNE2	0.514317438055166	0.660714285714286	0.443084118577619	0.622323655711331	0.434146716384254	0.188176939327077	lengthen	0.0712333194775471
117	SYNRG	0.263125	0.361111111111111	0.266666666666667	0.342516155145247	0.498682790726353	-0.156166635581106	shorten	-0.003541666666667
118	SYP	0.671296296296296	0.916666666666667	0.78030303030303	0.75827680422084	0.302641802641803	0.455635001579038	lengthen	-0.109006734006734
119	TADA2A	0.30421686746988	0.423076923076923	0.141891891891892	0.621500575740752	0.404401514304375	0.217099061436378	lengthen	0.162324975577988
120	TBC1D1	0.538888888888889	NA	0.373770491803279	0.677214578240247	0.549293466476449	0.127921111763799	lengthen	0.16511839708561
121	TBCCD1	0.5	1	0.590909090909091	0.331891415224749	0.483795300665811	-0.151903885441062	shorten	-0.0909090909090911
122	TCP1	0.654979674796748	0.623376623376623	0.631504922644163	0.382012537990241	0.279919584756118	0.102092953234123	lengthen	0.023474752152585
123	TFDP2	0.594951923076923	NA	0.576030927835052	0.574301380838718	0.454960791649131	0.119340589189587	lengthen	0.018920995241871
124	TOM1L1	0.0714285714285714	NA	0.892857142857143	0.284420289855072	0.925012569130216	-0.640592279275144	shorten	-0.821428571428572
125	TPM1	0.548941798941799	0.457516339869281	0.69029374201788	0.866995004924912	0.710568651328989	0.156426353595923	lengthen	-0.141351943076081
126	TRMT1L	0.566666666666667	NA	0.181818181818182	0.759302425969093	0.569334369334369	0.189968056634723	lengthen	0.384848484848485
127	UBE2J1	0.49317617866005	0.445512820512821	0.413173652694611	0.657295663542768	0.556572033795733	0.100723629747035	lengthen	0.080002525965439
128	UBL3	0.472222222222222	0.333333333333333	0.509523809523809	0.733413767302656	0.592856939503709	0.140556827798947	lengthen	-0.0373015873015871
129	USP15	0.522988505747126	0.416666666666667	0.56875	0.642798707897554	0.527217543738058	0.115581164159496	lengthen	-0.045761494252874
130	VDAC2	0.402872260015117	0.267441860465116	0.326352530541012	0.591895139894326	0.423845632799917	0.168049507094409	lengthen	0.076519729474105
131	VPS13C	0.386153846153846	0.294871794871795	0.43543956043956	0.549282446265758	0.703791170186834	-0.154508723921076	shorten	-0.049285714285714
132	WDR13	0.0651515151515151	0.126984126984127	0.025	0.316166507253308	0.124556977017538	0.19160953023577	lengthen	0.0401515151515151
133	WDR35	0.625	NA	0	0.558333333333333	0.893143358876118	-0.334810025542784	shorten	0.625
134	ZDHHC3	0.387931034482759	1	0.544117647058823	0.076035476282911	0.281305515985182	-0.205270039702271	shorten	-0.156186612576064
135	ZNF34	0.228571428571429	0.666666666666667	0.294871794871795	0.210023137803994	0.431365645085398	-0.221342507281404	shorten	-0.066300366300366
136	ZNF484	0.573529411764706	0.125	0.466666666666667	0.604551021199085	0.388015954124794	0.216535067074291	lengthen	0.106862745098039
137	ZNF706	0.583333333333333	0.552631578947368	0.571090047393365	0.888580447511837	0.736473748854151	0.152106698657686	lengthen	0.012243285939968
